26805.148,1960.992	26800.734,1960.709
31805.148,1960.992	31803.071,1961.481
36805.148,1960.992	36802.484,1961.939
41805.148,1960.992	41800.140,1962.063
46805.148,1960.992	46798.297,1963.330
51805.148,1960.992	51796.803,1965.262
56805.148,1960.992	56796.368,1966.779
61805.148,1960.992	61795.523,1968.033
66805.148,1960.992	66794.818,1968.156
71805.148,1960.992	71793.907,1968.012
76805.148,1960.992	76793.393,1967.738
81805.148,1960.992	81792.561,1967.980
86805.148,1960.992	86792.486,1968.762
91805.148,1960.992	91792.584,1969.680
96805.148,1960.992	96792.406,1970.899
101805.148,1960.992	101791.911,1972.051
106805.148,1960.992	106792.380,1973.681
111805.148,1960.992	111792.240,1976.015
116805.148,1960.992	116793.367,1977.886
121805.148,1960.992	121793.818,1979.456
126805.148,1960.992	126794.772,1980.335
131805.148,1960.992	131793.846,1980.609
136805.148,1960.992	136795.134,1981.347
141805.148,1960.992	141794.751,1982.490
146805.148,1960.992	146796.533,1983.522
151805.148,1960.992	151795.286,1984.549
156805.148,1960.992	156796.538,1985.229
161805.148,1960.992	161793.613,1985.777
166805.148,1960.992	166795.354,1987.140
171805.148,1960.992	171794.277,1989.548
26805.148,6960.992	26798.790,6963.301
31805.148,6960.992	31801.287,6963.777
36805.148,6960.992	36801.305,6964.037
41805.148,6960.992	41798.762,6964.293
46805.148,6960.992	46796.983,6965.346
51805.148,6960.992	51795.831,6967.054
56805.148,6960.992	56794.952,6968.445
61805.148,6960.992	61794.456,6969.837
66805.148,6960.992	66793.631,6970.251
71805.148,6960.992	71792.499,6969.764
76805.148,6960.992	76792.049,6969.643
81805.148,6960.992	81791.503,6969.568
86805.148,6960.992	86791.554,6970.469
91805.148,6960.992	91791.024,6971.957
96805.148,6960.992	96791.422,6973.190
101805.148,6960.992	101790.198,6974.550
106805.148,6960.992	106791.814,6976.302
111805.148,6960.992	111791.218,6978.527
116805.148,6960.992	116793.657,6980.007
121805.148,6960.992	121792.551,6981.199
126805.148,6960.992	126793.438,6981.968
131805.148,6960.992	131792.792,6982.542
136805.148,6960.992	136794.175,6983.176
141805.148,6960.992	141793.414,6984.453
146805.148,6960.992	146795.237,6985.492
151805.148,6960.992	151794.166,6987.107
156805.148,6960.992	156794.854,6987.263
161805.148,6960.992	161793.063,6988.349
166805.148,6960.992	166793.584,6989.879
171805.148,6960.992	171792.179,6992.049
26805.148,11960.992	26797.514,11960.031
31805.148,11960.992	31799.588,11960.708
36805.148,11960.992	36798.975,11960.610
41805.148,11960.992	41796.909,11961.334
46805.148,11960.992	46795.868,11962.999
51805.148,11960.992	51794.286,11964.807
56805.148,11960.992	56793.710,11966.506
61805.148,11960.992	61793.293,11967.753
66805.148,11960.992	66792.320,11968.044
71805.148,11960.992	71791.221,11967.924
76805.148,11960.992	76790.982,11967.507
81805.148,11960.992	81789.352,11967.771
86805.148,11960.992	86789.794,11968.422
91805.148,11960.992	91789.755,11969.284
96805.148,11960.992	96790.052,11970.557
101805.148,11960.992	101789.305,11971.428
106805.148,11960.992	106789.645,11973.458
111805.148,11960.992	111789.742,11975.410
116805.148,11960.992	116790.955,11977.763
121805.148,11960.992	121791.152,11979.319
126805.148,11960.992	126792.098,11979.949
131805.148,11960.992	131791.322,11980.825
136805.148,11960.992	136792.122,11981.541
141805.148,11960.992	141792.451,11982.386
146805.148,11960.992	146793.430,11983.460
151805.148,11960.992	151792.489,11984.374
156805.148,11960.992	156793.104,11984.937
161805.148,11960.992	161791.034,11985.756
166805.148,11960.992	166792.642,11986.821
171805.148,11960.992	171791.373,11989.254
26805.148,16960.992	26796.607,16963.777
31805.148,16960.992	31798.680,16964.062
36805.148,16960.992	36797.852,16964.223
41805.148,16960.992	41795.921,16964.620
46805.148,16960.992	46794.901,16965.663
51805.148,16960.992	51793.379,16967.400
56805.148,16960.992	56792.576,16969.215
61805.148,16960.992	61791.951,16970.914
66805.148,16960.992	66791.147,16971.353
71805.148,16960.992	71790.128,16970.703
76805.148,16960.992	76789.911,16970.186
81805.148,16960.992	81788.364,16970.496
86805.148,16960.992	86788.856,16971.633
91805.148,16960.992	91788.368,16972.820
96805.148,16960.992	96788.814,16974.205
101805.148,16960.992	101788.207,16975.377
106805.148,16960.992	106788.794,16977.431
111805.148,16960.992	111788.096,16979.150
116805.148,16960.992	116789.376,16980.867
121805.148,16960.992	121790.313,16982.197
126805.148,16960.992	126791.264,16983.105
131805.148,16960.992	131790.331,16983.682
136805.148,16960.992	136791.562,16984.804
141805.148,16960.992	141790.939,16985.941
146805.148,16960.992	146791.817,16987.201
151805.148,16960.992	151791.201,16988.721
156805.148,16960.992	156791.468,16989.616
161805.148,16960.992	161789.666,16990.315
166805.148,16960.992	166790.821,16991.880
171805.148,16960.992	171789.643,16993.462
26805.148,21960.992	26794.466,21962.044
31805.148,21960.992	31796.953,21963.050
36805.148,21960.992	36796.343,21963.035
41805.148,21960.992	41794.423,21963.608
46805.148,21960.992	46793.165,21964.819
51805.148,21960.992	51791.976,21966.652
56805.148,21960.992	56791.313,21968.113
61805.148,21960.992	61790.633,21969.391
66805.148,21960.992	66789.662,21969.782
71805.148,21960.992	71788.535,21969.291
76805.148,21960.992	76788.297,21968.654
81805.148,21960.992	81787.345,21969.272
86805.148,21960.992	86787.510,21970.010
91805.148,21960.992	91787.112,21971.516
96805.148,21960.992	96786.832,21972.628
101805.148,21960.992	101786.261,21973.800
106805.148,21960.992	106787.220,21975.959
111805.148,21960.992	111786.693,21977.941
116805.148,21960.992	116787.849,21979.703
121805.148,21960.992	121788.410,21981.219
126805.148,21960.992	126789.916,21981.997
131805.148,21960.992	131788.823,21982.228
136805.148,21960.992	136790.106,21983.420
141805.148,21960.992	141789.531,21984.696
146805.148,21960.992	146790.198,21985.594
151805.148,21960.992	151790.000,21986.859
156805.148,21960.992	156790.752,21987.801
161805.148,21960.992	161788.583,21988.163
166805.148,21960.992	166789.530,21989.473
171805.148,21960.992	171788.143,21992.039
26805.148,26960.992	26793.342,26964.446
31805.148,26960.992	31795.592,26965.160
36805.148,26960.992	36794.872,26965.365
41805.148,26960.992	41792.818,26965.794
46805.148,26960.992	46791.614,26966.892
51805.148,26960.992	51790.214,26968.494
56805.148,26960.992	56789.998,26970.339
61805.148,26960.992	61789.609,26971.941
66805.148,26960.992	66788.089,26972.290
71805.148,26960.992	71787.268,26971.644
76805.148,26960.992	76786.705,26971.188
81805.148,26960.992	81785.160,26971.625
86805.148,26960.992	86785.621,26972.772
91805.148,26960.992	91785.144,26974.164
96805.148,26960.992	96785.117,26975.271
101805.148,26960.992	101784.513,26976.553
106805.148,26960.992	106785.608,26978.265
111805.148,26960.992	111784.957,26980.089
116805.148,26960.992	116786.399,26981.513
121805.148,26960.992	121787.156,26982.700
126805.148,26960.992	126787.862,26983.571
131805.148,26960.992	131787.361,26984.164
136805.148,26960.992	136788.939,26985.537
141805.148,26960.992	141788.003,26986.898
146805.148,26960.992	146789.711,26988.262
151805.148,26960.992	151788.386,26989.529
156805.148,26960.992	156789.294,26990.928
161805.148,26960.992	161787.673,26991.617
166805.148,26960.992	166787.976,26992.749
171805.148,26960.992	171786.902,26994.357
26805.148,31960.992	26792.134,31962.280
31805.148,31960.992	31793.741,31963.191
36805.148,31960.992	36793.037,31963.331
41805.148,31960.992	41791.551,31963.586
46805.148,31960.992	46790.410,31964.912
51805.148,31960.992	51789.112,31966.498
56805.148,31960.992	56788.769,31968.098
61805.148,31960.992	61787.837,31969.359
66805.148,31960.992	66787.413,31969.544
71805.148,31960.992	71785.403,31969.259
76805.148,31960.992	76784.764,31968.923
81805.148,31960.992	81783.676,31969.265
86805.148,31960.992	86784.269,31969.819
91805.148,31960.992	91783.547,31971.062
96805.148,31960.992	96784.088,31972.202
101805.148,31960.992	101783.387,31973.664
106805.148,31960.992	106783.638,31975.311
111805.148,31960.992	111783.415,31977.921
116805.148,31960.992	116784.773,31979.375
121805.148,31960.992	121784.979,31980.700
126805.148,31960.992	126786.073,31981.651
131805.148,31960.992	131785.733,31981.909
136805.148,31960.992	136787.071,31982.838
141805.148,31960.992	141785.725,31984.124
146805.148,31960.992	146788.172,31985.187
151805.148,31960.992	151787.198,31986.314
156805.148,31960.992	156787.279,31987.559
161805.148,31960.992	161785.760,31988.013
166805.148,31960.992	166785.950,31989.628
171805.148,31960.992	171784.576,31991.977
26805.148,36960.992	26790.731,36963.775
31805.148,36960.992	31792.995,36963.959
36805.148,36960.992	36791.930,36964.301
41805.148,36960.992	41790.257,36964.572
46805.148,36960.992	46788.890,36965.723
51805.148,36960.992	51787.400,36967.351
56805.148,36960.992	56787.235,36969.058
61805.148,36960.992	61786.293,36970.761
66805.148,36960.992	66785.273,36971.078
71805.148,36960.992	71783.803,36970.328
76805.148,36960.992	76783.077,36970.000
81805.148,36960.992	81782.283,36970.418
86805.148,36960.992	86782.494,36971.320
91805.148,36960.992	91782.137,36972.862
96805.148,36960.992	96782.042,36973.659
101805.148,36960.992	101780.990,36974.837
106805.148,36960.992	106782.068,36976.956
111805.148,36960.992	111782.029,36978.997
116805.148,36960.992	116783.095,36980.318
121805.148,36960.992	121783.511,36981.670
126805.148,36960.992	126784.481,36982.602
131805.148,36960.992	131784.219,36983.113
136805.148,36960.992	136785.252,36984.110
141805.148,36960.992	141784.757,36985.394
146805.148,36960.992	146786.072,36986.400
151805.148,36960.992	151784.910,36987.847
156805.148,36960.992	156785.445,36988.856
161805.148,36960.992	161783.903,36989.629
166805.148,36960.992	166785.295,36991.064
171805.148,36960.992	171783.675,36993.273
26805.148,41960.992	26789.533,41961.768
31805.148,41960.992	31791.159,41962.903
36805.148,41960.992	36790.224,41963.385
41805.148,41960.992	41788.460,41963.568
46805.148,41960.992	46787.725,41964.645
51805.148,41960.992	51786.081,41966.397
56805.148,41960.992	56785.397,41967.835
61805.148,41960.992	61784.629,41969.320
66805.148,41960.992	66784.332,41969.652
71805.148,41960.992	71782.553,41969.324
76805.148,41960.992	76781.709,41968.979
81805.148,41960.992	81780.728,41969.423
86805.148,41960.992	86780.899,41969.774
91805.148,41960.992	91780.248,41971.120
96805.148,41960.992	96780.385,41971.962
101805.148,41960.992	101779.713,41973.236
106805.148,41960.992	106780.226,41975.197
111805.148,41960.992	111780.173,41977.740
116805.148,41960.992	116781.656,41979.139
121805.148,41960.992	121782.160,41980.674
126805.148,41960.992	126783.333,41981.421
131805.148,41960.992	131782.408,41982.076
136805.148,41960.992	136783.299,41982.730
141805.148,41960.992	141783.225,41983.805
146805.148,41960.992	146784.569,41984.999
151805.148,41960.992	151783.186,41986.222
156805.148,41960.992	156784.114,41987.272
161805.148,41960.992	161782.028,41988.426
166805.148,41960.992	166783.239,41989.539
171805.148,41960.992	171782.031,41992.087
26805.148,46960.992	26788.138,46963.929
31805.148,46960.992	31790.224,46964.329
36805.148,46960.992	36789.047,46964.611
41805.148,46960.992	41787.064,46964.762
46805.148,46960.992	46785.783,46965.747
51805.148,46960.992	51784.113,46967.354
56805.148,46960.992	56783.569,46969.058
61805.148,46960.992	61782.187,46970.373
66805.148,46960.992	66781.753,46971.170
71805.148,46960.992	71780.792,46970.564
76805.148,46960.992	76780.512,46970.137
81805.148,46960.992	81779.197,46970.578
86805.148,46960.992	86779.151,46971.435
91805.148,46960.992	91778.655,46972.847
96805.148,46960.992	96778.804,46974.040
101805.148,46960.992	101778.080,46975.252
106805.148,46960.992	106778.325,46976.995
111805.148,46960.992	111778.458,46978.929
116805.148,46960.992	116779.656,46980.550
121805.148,46960.992	121780.591,46981.723
126805.148,46960.992	126781.506,46982.351
131805.148,46960.992	131781.009,46983.109
136805.148,46960.992	136781.751,46983.880
141805.148,46960.992	141780.918,46985.229
146805.148,46960.992	146782.185,46986.413
151805.148,46960.992	151781.951,46987.628
156805.148,46960.992	156782.605,46988.657
161805.148,46960.992	161780.113,46989.882
166805.148,46960.992	166781.646,46991.411
171805.148,46960.992	171780.640,46993.203
26805.148,51960.992	26786.178,51962.870
31805.148,51960.992	31788.058,51963.258
36805.148,51960.992	36787.483,51963.250
41805.148,51960.992	41785.331,51963.710
46805.148,51960.992	46784.025,51964.965
51805.148,51960.992	51782.640,51966.481
56805.148,51960.992	56781.717,51968.009
61805.148,51960.992	61781.497,51969.516
66805.148,51960.992	66780.820,51970.002
71805.148,51960.992	71779.042,51969.487
76805.148,51960.992	76778.907,51968.981
81805.148,51960.992	81777.984,51969.187
86805.148,51960.992	86778.115,51970.013
91805.148,51960.992	91777.103,51971.312
96805.148,51960.992	96777.160,51972.551
101805.148,51960.992	101776.492,51973.340
106805.148,51960.992	106777.630,51975.420
111805.148,51960.992	111776.945,51977.803
116805.148,51960.992	116778.261,51979.403
121805.148,51960.992	121778.928,51980.837
126805.148,51960.992	126779.101,51981.463
131805.148,51960.992	131779.010,51982.120
136805.148,51960.992	136780.009,51982.784
141805.148,51960.992	141779.953,51984.088
146805.148,51960.992	146780.701,51985.072
151805.148,51960.992	151780.050,51985.960
156805.148,51960.992	156780.564,51987.015
161805.148,51960.992	161778.561,51987.900
166805.148,51960.992	166779.915,51989.387
171805.148,51960.992	171778.515,51991.837
26805.148,56960.992	26782.919,56963.154
31805.148,56960.992	31786.171,56963.563
36805.148,56960.992	36785.797,56963.717
41805.148,56960.992	41783.834,56964.020
46805.148,56960.992	46781.938,56965.141
51805.148,56960.992	51780.316,56966.668
56805.148,56960.992	56780.317,56968.210
61805.148,56960.992	61779.790,56969.442
66805.148,56960.992	66779.214,56969.819
71805.148,56960.992	71777.888,56969.743
76805.148,56960.992	76777.034,56969.425
81805.148,56960.992	81775.418,56969.395
86805.148,56960.992	86775.685,56969.924
91805.148,56960.992	91775.530,56971.215
96805.148,56960.992	96775.766,56972.724
101805.148,56960.992	101775.360,56973.933
106805.148,56960.992	106775.804,56975.312
111805.148,56960.992	111775.401,56977.607
116805.148,56960.992	116776.577,56979.527
121805.148,56960.992	121777.141,56980.901
126805.148,56960.992	126777.489,56981.731
131805.148,56960.992	131777.648,56982.024
136805.148,56960.992	136778.449,56983.042
141805.148,56960.992	141778.153,56984.099
146805.148,56960.992	146778.521,56984.945
151805.148,56960.992	151778.688,56986.137
156805.148,56960.992	156778.975,56986.986
161805.148,56960.992	161777.083,56988.072
166805.148,56960.992	166778.138,56989.272
171805.148,56960.992	171776.797,56991.576
26805.148,61960.992	26782.072,61960.339
31805.148,61960.992	31783.938,61960.744
36805.148,61960.992	36783.367,61961.320
41805.148,61960.992	41781.681,61961.763
46805.148,61960.992	46780.390,61963.248
51805.148,61960.992	51779.002,61965.185
56805.148,61960.992	56778.449,61966.632
61805.148,61960.992	61778.378,61967.676
66805.148,61960.992	66777.661,61968.027
71805.148,61960.992	71775.853,61967.555
76805.148,61960.992	76775.435,61967.216
81805.148,61960.992	81774.402,61967.688
86805.148,61960.992	86774.393,61968.121
91805.148,61960.992	91774.168,61969.101
96805.148,61960.992	96774.082,61970.034
101805.148,61960.992	101773.487,61970.839
106805.148,61960.992	106774.067,61972.648
111805.148,61960.992	111773.831,61974.593
116805.148,61960.992	116774.608,61977.070
121805.148,61960.992	121775.092,61978.785
126805.148,61960.992	126776.528,61979.761
131805.148,61960.992	131775.942,61980.366
136805.148,61960.992	136776.837,61981.040
141805.148,61960.992	141776.863,61981.991
146805.148,61960.992	146777.151,61982.602
151805.148,61960.992	151776.598,61983.706
156805.148,61960.992	156777.485,61984.689
161805.148,61960.992	161775.784,61985.303
166805.148,61960.992	166776.472,61986.327
171805.148,61960.992	171775.328,61988.565
26805.148,66960.992	26780.727,66960.256
31805.148,66960.992	31782.576,66960.932
36805.148,66960.992	36781.946,66961.459
41805.148,66960.992	41779.978,66961.123
46805.148,66960.992	46778.784,66962.807
51805.148,66960.992	51777.637,66964.776
56805.148,66960.992	56777.321,66966.409
61805.148,66960.992	61776.610,66967.755
66805.148,66960.992	66775.812,66967.903
71805.148,66960.992	71774.414,66967.364
76805.148,66960.992	76773.663,66967.055
81805.148,66960.992	81772.697,66967.173
86805.148,66960.992	86772.298,66967.606
91805.148,66960.992	91772.519,66968.485
96805.148,66960.992	96772.484,66969.596
101805.148,66960.992	101771.428,66970.323
106805.148,66960.992	106772.563,66971.922
111805.148,66960.992	111772.349,66974.235
116805.148,66960.992	116773.161,66976.271
121805.148,66960.992	121773.886,66978.200
126805.148,66960.992	126774.195,66979.313
131805.148,66960.992	131774.154,66979.590
136805.148,66960.992	136774.674,66980.514
141805.148,66960.992	141775.325,66981.590
146805.148,66960.992	146775.928,66982.628
151805.148,66960.992	151774.888,66983.412
156805.148,66960.992	156775.527,66984.153
161805.148,66960.992	161773.436,66984.565
166805.148,66960.992	166774.893,66985.657
171805.148,66960.992	171774.651,66987.596
26805.148,71960.992	26778.628,71958.324
31805.148,71960.992	31781.149,71959.254
36805.148,71960.992	36780.451,71959.596
41805.148,71960.992	41778.706,71959.807
46805.148,71960.992	46778.021,71960.961
51805.148,71960.992	51776.388,71963.532
56805.148,71960.992	56775.372,71965.253
61805.148,71960.992	61774.890,71966.433
66805.148,71960.992	66774.629,71966.401
71805.148,71960.992	71772.793,71965.981
76805.148,71960.992	76772.567,71965.919
81805.148,71960.992	81771.387,71965.865
86805.148,71960.992	86770.891,71966.174
91805.148,71960.992	91770.501,71967.307
96805.148,71960.992	96770.564,71967.805
101805.148,71960.992	101770.164,71968.857
106805.148,71960.992	106770.491,71970.163
111805.148,71960.992	111770.131,71972.026
116805.148,71960.992	116771.345,71974.315
121805.148,71960.992	121772.094,71976.418
126805.148,71960.992	126772.576,71977.611
131805.148,71960.992	131772.424,71978.164
136805.148,71960.992	136773.338,71979.175
141805.148,71960.992	141773.031,71980.072
146805.148,71960.992	146774.206,71981.115
151805.148,71960.992	151773.701,71981.901
156805.148,71960.992	156774.176,71982.587
161805.148,71960.992	161772.291,71982.950
166805.148,71960.992	166773.938,71984.067
171805.148,71960.992	171772.091,71985.327
26805.148,76960.992	26777.673,76959.641
31805.148,76960.992	31780.070,76960.272
36805.148,76960.992	36778.945,76960.599
41805.148,76960.992	41777.361,76961.327
46805.148,76960.992	46776.281,76962.849
51805.148,76960.992	51774.990,76964.306
56805.148,76960.992	56773.933,76966.029
61805.148,76960.992	61773.328,76967.374
66805.148,76960.992	66772.593,76967.414
71805.148,76960.992	71771.431,76966.914
76805.148,76960.992	76770.965,76966.643
81805.148,76960.992	81769.370,76966.782
86805.148,76960.992	86769.387,76967.287
91805.148,76960.992	91768.801,76968.266
96805.148,76960.992	96769.763,76968.885
101805.148,76960.992	101768.508,76969.915
106805.148,76960.992	106768.941,76971.300
111805.148,76960.992	111768.315,76973.167
116805.148,76960.992	116769.128,76975.503
121805.148,76960.992	121770.487,76977.351
126805.148,76960.992	126771.211,76978.312
131805.148,76960.992	131771.264,76978.932
136805.148,76960.992	136771.392,76979.953
141805.148,76960.992	141771.530,76980.950
146805.148,76960.992	146771.932,76981.656
151805.148,76960.992	151772.165,76982.651
156805.148,76960.992	156772.767,76983.202
161805.148,76960.992	161770.498,76983.715
166805.148,76960.992	166772.350,76984.839
171805.148,76960.992	171770.504,76986.647
26805.148,81960.992	26776.584,81959.107
31805.148,81960.992	31778.432,81959.359
36805.148,81960.992	36777.618,81959.709
41805.148,81960.992	41775.919,81960.371
46805.148,81960.992	46774.382,81961.483
51805.148,81960.992	51773.260,81963.814
56805.148,81960.992	56772.447,81965.458
61805.148,81960.992	61771.585,81966.271
66805.148,81960.992	66771.222,81966.832
71805.148,81960.992	71769.729,81966.240
76805.148,81960.992	76768.726,81965.924
81805.148,81960.992	81767.873,81966.232
86805.148,81960.992	86767.488,81966.639
91805.148,81960.992	91767.351,81967.641
96805.148,81960.992	96767.251,81968.388
101805.148,81960.992	101766.697,81968.994
106805.148,81960.992	106767.709,81970.374
111805.148,81960.992	111767.051,81972.679
116805.148,81960.992	116767.718,81974.511
121805.148,81960.992	121768.619,81976.711
126805.148,81960.992	126770.191,81977.746
131805.148,81960.992	131768.975,81978.287
136805.148,81960.992	136770.286,81979.355
141805.148,81960.992	141769.871,81980.484
146805.148,81960.992	146770.659,81981.063
151805.148,81960.992	151770.200,81981.837
156805.148,81960.992	156770.802,81982.470
161805.148,81960.992	161768.921,81982.924
166805.148,81960.992	166770.705,81984.086
171805.148,81960.992	171768.374,81985.609
26805.148,86960.992	26775.094,86959.237
31805.148,86960.992	31776.993,86959.844
36805.148,86960.992	36776.088,86960.064
41805.148,86960.992	41774.074,86960.363
46805.148,86960.992	46773.014,86961.852
51805.148,86960.992	51771.886,86963.865
56805.148,86960.992	56770.868,86965.416
61805.148,86960.992	61769.918,86966.636
66805.148,86960.992	66769.520,86966.929
71805.148,86960.992	71767.684,86966.364
76805.148,86960.992	76767.390,86966.176
81805.148,86960.992	81766.537,86966.282
86805.148,86960.992	86766.102,86966.972
91805.148,86960.992	91765.845,86967.963
96805.148,86960.992	96766.145,86968.780
101805.148,86960.992	101765.516,86969.416
106805.148,86960.992	106766.272,86970.717
111805.148,86960.992	111765.768,86972.855
116805.148,86960.992	116766.684,86975.002
121805.148,86960.992	121767.169,86977.045
126805.148,86960.992	126768.068,86977.860
131805.148,86960.992	131767.407,86978.495
136805.148,86960.992	136769.148,86979.588
141805.148,86960.992	141768.620,86980.340
146805.148,86960.992	146768.999,86981.330
151805.148,86960.992	151768.367,86981.760
156805.148,86960.992	156768.900,86982.567
161805.148,86960.992	161767.063,86983.129
166805.148,86960.992	166768.245,86984.342
171805.148,86960.992	171767.119,86985.988
26805.148,91960.992	26772.308,91957.046
31805.148,91960.992	31775.379,91958.006
36805.148,91960.992	36774.769,91957.859
41805.148,91960.992	41772.877,91958.060
46805.148,91960.992	46771.381,91959.582
51805.148,91960.992	51769.762,91961.705
56805.148,91960.992	56769.039,91963.693
61805.148,91960.992	61768.295,91965.239
66805.148,91960.992	66767.782,91965.402
71805.148,91960.992	71766.337,91965.088
76805.148,91960.992	76765.041,91964.506
81805.148,91960.992	81764.372,91964.635
86805.148,91960.992	86764.591,91965.595
91805.148,91960.992	91764.577,91966.500
96805.148,91960.992	96764.477,91967.076
101805.148,91960.992	101763.493,91967.766
106805.148,91960.992	106764.523,91968.849
111805.148,91960.992	111764.099,91970.751
116805.148,91960.992	116764.737,91972.747
121805.148,91960.992	121765.347,91974.787
126805.148,91960.992	126765.989,91975.767
131805.148,91960.992	131765.963,91976.430
136805.148,91960.992	136767.136,91977.633
141805.148,91960.992	141766.416,91978.752
146805.148,91960.992	146768.457,91979.610
151805.148,91960.992	151766.916,91980.763
156805.148,91960.992	156766.721,91981.124
161805.148,91960.992	161765.651,91981.767
166805.148,91960.992	166766.393,91982.348
171805.148,91960.992	171768.475,91982.290
26805.148,96960.992	26771.691,96956.971
31805.148,96960.992	31773.593,96957.586
36805.148,96960.992	36773.150,96957.869
41805.148,96960.992	41770.745,96958.333
46805.148,96960.992	46769.554,96959.623
51805.148,96960.992	51768.052,96961.985
56805.148,96960.992	56767.196,96964.006
61805.148,96960.992	61766.734,96965.301
66805.148,96960.992	66765.985,96965.586
71805.148,96960.992	71764.794,96965.247
76805.148,96960.992	76764.261,96964.998
81805.148,96960.992	81763.048,96965.201
86805.148,96960.992	86762.975,96965.635
91805.148,96960.992	91763.071,96966.362
96805.148,96960.992	96763.451,96967.422
101805.148,96960.992	101762.171,96968.153
106805.148,96960.992	106762.951,96969.381
111805.148,96960.992	111763.145,96971.164
116805.148,96960.992	116763.508,96973.543
121805.148,96960.992	121763.888,96975.026
126805.148,96960.992	126764.400,96976.183
131805.148,96960.992	131764.073,96976.845
136805.148,96960.992	136765.620,96978.177
141805.148,96960.992	141765.398,96979.362
146805.148,96960.992	146765.627,96980.078
151805.148,96960.992	151765.434,96980.737
156805.148,96960.992	156765.717,96981.286
161805.148,96960.992	161763.958,96981.834
166805.148,96960.992	166765.107,96982.921
171805.148,96960.992	171763.711,96984.270
26805.148,101960.992	26769.903,101955.994
31805.148,101960.992	31772.312,101956.881
36805.148,101960.992	36771.628,101957.016
41805.148,101960.992	41770.191,101956.751
46805.148,101960.992	46768.265,101958.341
51805.148,101960.992	51766.594,101960.513
56805.148,101960.992	56766.218,101962.877
61805.148,101960.992	61765.493,101964.594
66805.148,101960.992	66764.645,101964.829
71805.148,101960.992	71763.554,101964.512
76805.148,101960.992	76762.566,101964.381
81805.148,101960.992	81761.505,101964.685
86805.148,101960.992	86761.760,101964.930
91805.148,101960.992	91761.971,101966.307
96805.148,101960.992	96761.942,101966.624
101805.148,101960.992	101760.910,101967.424
106805.148,101960.992	106761.507,101968.930
111805.148,101960.992	111761.287,101970.712
116805.148,101960.992	116762.600,101972.201
121805.148,101960.992	121762.836,101974.097
126805.148,101960.992	126763.603,101975.263
131805.148,101960.992	131763.054,101976.099
136805.148,101960.992	136763.911,101977.490
141805.148,101960.992	141763.650,101978.457
146805.148,101960.992	146765.014,101979.498
151805.148,101960.992	151763.953,101980.571
156805.148,101960.992	156763.934,101980.947
161805.148,101960.992	161762.536,101981.595
166805.148,101960.992	166763.565,101982.561
171805.148,101960.992	171762.582,101983.968
26805.148,106960.992	26768.670,106956.890
31805.148,106960.992	31770.645,106957.562
36805.148,106960.992	36769.389,106958.014
41805.148,106960.992	41768.009,106958.390
46805.148,106960.992	46767.191,106959.672
51805.148,106960.992	51765.309,106962.241
56805.148,106960.992	56764.795,106964.300
61805.148,106960.992	61763.849,106965.744
66805.148,106960.992	66763.477,106966.032
71805.148,106960.992	71762.210,106965.683
76805.148,106960.992	76761.256,106965.120
81805.148,106960.992	81760.227,106965.450
86805.148,106960.992	86760.153,106965.869
91805.148,106960.992	91760.389,106966.880
96805.148,106960.992	96760.403,106967.743
101805.148,106960.992	101759.194,106968.542
106805.148,106960.992	106760.382,106970.128
111805.148,106960.992	111759.732,106971.782
116805.148,106960.992	116761.148,106974.072
121805.148,106960.992	121761.567,106975.708
126805.148,106960.992	126761.990,106976.980
131805.148,106960.992	131761.542,106977.525
136805.148,106960.992	136762.392,106978.716
141805.148,106960.992	141761.935,106979.888
146805.148,106960.992	146763.739,106980.518
151805.148,106960.992	151762.322,106981.407
156805.148,106960.992	156762.983,106982.127
161805.148,106960.992	161761.208,106982.825
166805.148,106960.992	166762.653,106983.950
171805.148,106960.992	171761.093,106985.598
26805.148,111960.992	26766.869,111956.888
31805.148,111960.992	31769.238,111956.990
36805.148,111960.992	36768.764,111957.650
41805.148,111960.992	41766.569,111957.991
46805.148,111960.992	46765.279,111959.187
51805.148,111960.992	51763.946,111961.630
56805.148,111960.992	56763.802,111963.995
61805.148,111960.992	61762.761,111965.497
66805.148,111960.992	66761.631,111965.810
71805.148,111960.992	71760.438,111965.376
76805.148,111960.992	76759.741,111964.766
81805.148,111960.992	81758.680,111965.215
86805.148,111960.992	86759.029,111965.675
91805.148,111960.992	91758.527,111966.793
96805.148,111960.992	96759.100,111967.406
101805.148,111960.992	101758.110,111968.197
106805.148,111960.992	106758.335,111969.657
111805.148,111960.992	111758.418,111971.630
116805.148,111960.992	116759.784,111973.507
121805.148,111960.992	121759.889,111975.521
126805.148,111960.992	126760.683,111976.339
131805.148,111960.992	131760.420,111977.226
136805.148,111960.992	136761.126,111978.527
141805.148,111960.992	141760.737,111979.691
146805.148,111960.992	146761.565,111980.618
151805.148,111960.992	151761.204,111981.547
156805.148,111960.992	156761.398,111982.094
161805.148,111960.992	161760.156,111982.506
166805.148,111960.992	166761.012,111983.637
171805.148,111960.992	171759.798,111985.234
26805.148,116960.992	26765.724,116957.236
31805.148,116960.992	31768.083,116957.897
36805.148,116960.992	36767.247,116958.766
41805.148,116960.992	41764.793,116958.038
46805.148,116960.992	46763.870,116959.612
51805.148,116960.992	51762.525,116962.082
56805.148,116960.992	56762.462,116964.794
61805.148,116960.992	61761.359,116966.013
66805.148,116960.992	66760.480,116966.059
71805.148,116960.992	71758.962,116965.316
76805.148,116960.992	76758.024,116964.768
81805.148,116960.992	81757.207,116965.197
86805.148,116960.992	86757.095,116965.731
91805.148,116960.992	91757.198,116966.874
96805.148,116960.992	96756.983,116967.683
101805.148,116960.992	101756.484,116968.588
106805.148,116960.992	106757.014,116969.834
111805.148,116960.992	111756.880,116971.714
116805.148,116960.992	116757.589,116973.667
121805.148,116960.992	121758.200,116975.940
126805.148,116960.992	126759.212,116976.996
131805.148,116960.992	131758.500,116977.774
136805.148,116960.992	136759.853,116978.772
141805.148,116960.992	141759.054,116979.738
146805.148,116960.992	146759.773,116981.034
151805.148,116960.992	151759.292,116981.609
156805.148,116960.992	156759.836,116982.069
161805.148,116960.992	161757.921,116982.542
166805.148,116960.992	166759.199,116983.730
171805.148,116960.992	171757.962,116985.326
26805.148,121960.992	26764.265,121954.998
31805.148,121960.992	31766.372,121955.525
36805.148,121960.992	36765.856,121955.577
41805.148,121960.992	41764.045,121956.285
46805.148,121960.992	46762.847,121957.740
51805.148,121960.992	51761.325,121959.864
56805.148,121960.992	56760.278,121962.355
61805.148,121960.992	61759.516,121964.207
66805.148,121960.992	66759.073,121964.487
71805.148,121960.992	71757.669,121964.017
76805.148,121960.992	76756.596,121963.278
81805.148,121960.992	81755.456,121963.321
86805.148,121960.992	86755.567,121964.335
91805.148,121960.992	91755.319,121965.661
96805.148,121960.992	96755.362,121966.026
101805.148,121960.992	101754.503,121967.072
106805.148,121960.992	106755.296,121968.041
111805.148,121960.992	111754.977,121969.636
116805.148,121960.992	116755.963,121971.482
121805.148,121960.992	121756.432,121973.161
126805.148,121960.992	126756.899,121974.459
131805.148,121960.992	131756.727,121975.330
136805.148,121960.992	136757.851,121976.375
141805.148,121960.992	141757.622,121977.871
146805.148,121960.992	146758.547,121978.979
151805.148,121960.992	151757.413,121979.790
156805.148,121960.992	156757.605,121980.661
161805.148,121960.992	161756.347,121981.413
166805.148,121960.992	166757.540,121982.109
171805.148,121960.992	171756.374,121983.802
26805.148,126960.992	26762.448,126955.628
31805.148,126960.992	31764.809,126955.988
36805.148,126960.992	36764.499,126956.111
41805.148,126960.992	41762.774,126956.660
46805.148,126960.992	46761.456,126957.724
51805.148,126960.992	51759.515,126959.663
56805.148,126960.992	56758.887,126962.552
61805.148,126960.992	61758.576,126963.975
66805.148,126960.992	66757.869,126964.375
71805.148,126960.992	71756.456,126963.944
76805.148,126960.992	76754.937,126963.455
81805.148,126960.992	81753.749,126963.825
86805.148,126960.992	86754.257,126964.722
91805.148,126960.992	91753.674,126965.279
96805.148,126960.992	96753.445,126966.138
101805.148,126960.992	101753.045,126967.037
106805.148,126960.992	106753.453,126968.296
111805.148,126960.992	111753.780,126969.796
116805.148,126960.992	116754.313,126971.732
121805.148,126960.992	121754.668,126973.275
126805.148,126960.992	126755.696,126974.684
131805.148,126960.992	131755.445,126975.283
136805.148,126960.992	136756.356,126976.712
141805.148,126960.992	141756.458,126978.150
146805.148,126960.992	146757.018,126979.174
151805.148,126960.992	151756.463,126980.016
156805.148,126960.992	156756.983,126980.531
161805.148,126960.992	161754.988,126981.066
166805.148,126960.992	166755.651,126982.105
171805.148,126960.992	171754.350,126983.746
26805.148,131960.992	26761.285,131954.392
31805.148,131960.992	31763.436,131954.813
36805.148,131960.992	36763.004,131955.171
41805.148,131960.992	41760.640,131955.310
46805.148,131960.992	46760.106,131956.076
51805.148,131960.992	51758.385,131958.213
56805.148,131960.992	56757.182,131960.792
61805.148,131960.992	61756.861,131962.595
66805.148,131960.992	66755.876,131963.254
71805.148,131960.992	71754.503,131962.754
76805.148,131960.992	76753.655,131962.358
81805.148,131960.992	81752.053,131962.843
86805.148,131960.992	86752.325,131963.391
91805.148,131960.992	91752.334,131964.094
96805.148,131960.992	96752.222,131965.178
101805.148,131960.992	101751.855,131966.174
106805.148,131960.992	106752.496,131967.288
111805.148,131960.992	111751.974,131969.008
116805.148,131960.992	116753.244,131970.298
121805.148,131960.992	121753.561,131972.058
126805.148,131960.992	126754.397,131973.150
131805.148,131960.992	131753.889,131974.027
136805.148,131960.992	136754.245,131975.257
141805.148,131960.992	141753.991,131976.817
146805.148,131960.992	146754.795,131978.161
151805.148,131960.992	151754.390,131978.906
156805.148,131960.992	156755.267,131979.789
161805.148,131960.992	161753.251,131980.449
166805.148,131960.992	166754.057,131981.274
171805.148,131960.992	171752.972,131982.739
26805.148,136960.992	26759.986,136955.566
31805.148,136960.992	31762.185,136956.153
36805.148,136960.992	36761.654,136956.018
41805.148,136960.992	41759.140,136956.334
46805.148,136960.992	46758.444,136957.684
51805.148,136960.992	51756.590,136959.835
56805.148,136960.992	56755.634,136961.852
61805.148,136960.992	61754.944,136963.888
66805.148,136960.992	66754.146,136964.473
71805.148,136960.992	71753.012,136963.721
76805.148,136960.992	76752.022,136963.529
81805.148,136960.992	81751.031,136963.551
86805.148,136960.992	86751.087,136964.310
91805.148,136960.992	91750.722,136965.257
96805.148,136960.992	96751.105,136965.890
101805.148,136960.992	101749.950,136966.757
106805.148,136960.992	106750.599,136968.124
111805.148,136960.992	111750.416,136969.803
116805.148,136960.992	116751.353,136971.418
121805.148,136960.992	121752.083,136973.418
126805.148,136960.992	126752.056,136974.138
131805.148,136960.992	131752.368,136975.116
136805.148,136960.992	136753.052,136976.470
141805.148,136960.992	141752.529,136977.608
146805.148,136960.992	146753.709,136978.906
151805.148,136960.992	151752.849,136979.528
156805.148,136960.992	156753.412,136980.348
161805.148,136960.992	161751.825,136980.939
166805.148,136960.992	166752.637,136982.036
171805.148,136960.992	171751.689,136983.509
26805.148,141960.992	26758.291,141954.620
31805.148,141960.992	31760.689,141955.283
36805.148,141960.992	36759.916,141955.517
41805.148,141960.992	41758.288,141955.646
46805.148,141960.992	46756.668,141956.867
51805.148,141960.992	51755.467,141958.510
56805.148,141960.992	56754.276,141961.072
61805.148,141960.992	61753.067,141963.270
66805.148,141960.992	66752.569,141963.343
71805.148,141960.992	71751.406,141963.364
76805.148,141960.992	76751.062,141962.577
81805.148,141960.992	81750.102,141963.151
86805.148,141960.992	86749.607,141963.854
91805.148,141960.992	91749.599,141964.861
96805.148,141960.992	96749.715,141965.443
101805.148,141960.992	101748.850,141966.276
106805.148,141960.992	106749.495,141967.614
111805.148,141960.992	111749.352,141969.021
116805.148,141960.992	116750.085,141970.805
121805.148,141960.992	121750.729,141972.478
126805.148,141960.992	126751.558,141973.728
131805.148,141960.992	131750.554,141974.419
136805.148,141960.992	136751.288,141975.577
141805.148,141960.992	141751.413,141977.280
146805.148,141960.992	146752.218,141978.100
151805.148,141960.992	151752.094,141979.180
156805.148,141960.992	156752.413,141979.883
161805.148,141960.992	161750.579,141980.501
166805.148,141960.992	166750.906,141981.484
171805.148,141960.992	171750.330,141983.089
26805.148,146960.992	26756.013,146955.727
31805.148,146960.992	31759.738,146956.230
36805.148,146960.992	36758.815,146955.912
41805.148,146960.992	41756.080,146956.368
46805.148,146960.992	46754.987,146957.361
51805.148,146960.992	51753.359,146959.555
56805.148,146960.992	56752.895,146962.159
61805.148,146960.992	61752.193,146963.775
66805.148,146960.992	66751.524,146964.223
71805.148,146960.992	71750.258,146963.626
76805.148,146960.992	76749.425,146963.100
81805.148,146960.992	81748.400,146963.486
86805.148,146960.992	86748.354,146964.458
91805.148,146960.992	91748.110,146965.480
96805.148,146960.992	96748.171,146966.151
101805.148,146960.992	101747.397,146967.032
106805.148,146960.992	106748.114,146967.931
111805.148,146960.992	111747.945,146969.785
116805.148,146960.992	116749.071,146971.286
121805.148,146960.992	121749.510,146973.313
126805.148,146960.992	126750.047,146974.366
131805.148,146960.992	131749.476,146975.085
136805.148,146960.992	136750.422,146975.860
141805.148,146960.992	141749.833,146977.610
146805.148,146960.992	146750.346,146978.857
151805.148,146960.992	151750.745,146980.003
156805.148,146960.992	156750.681,146980.467
161805.148,146960.992	161748.861,146980.842
166805.148,146960.992	166749.847,146981.834
171805.148,146960.992	171749.077,146983.575
26805.148,151960.992	26754.859,151954.140
31805.148,151960.992	31757.637,151954.870
36805.148,151960.992	36756.818,151954.850
41805.148,151960.992	41754.919,151955.183
46805.148,151960.992	46753.669,151956.366
51805.148,151960.992	51751.880,151958.307
56805.148,151960.992	56751.556,151960.282
61805.148,151960.992	61751.035,151962.422
66805.148,151960.992	66750.094,151962.775
71805.148,151960.992	71748.507,151962.665
76805.148,151960.992	76747.910,151961.889
81805.148,151960.992	81747.120,151962.244
86805.148,151960.992	86747.016,151962.778
91805.148,151960.992	91746.479,151963.945
96805.148,151960.992	96746.920,151965.028
101805.148,151960.992	101746.019,151966.020
106805.148,151960.992	106746.977,151967.082
111805.148,151960.992	111746.426,151969.075
116805.148,151960.992	116747.434,151970.268
121805.148,151960.992	121747.783,151971.544
126805.148,151960.992	126748.513,151972.971
131805.148,151960.992	131747.828,151973.424
136805.148,151960.992	136748.872,151974.641
141805.148,151960.992	141748.765,151976.446
146805.148,151960.992	146749.034,151977.580
151805.148,151960.992	151748.704,151978.647
156805.148,151960.992	156749.131,151979.240
161805.148,151960.992	161747.349,151979.963
166805.148,151960.992	166748.591,151981.040
171805.148,151960.992	171747.147,151982.382
26805.148,156960.992	26753.853,156954.712
31805.148,156960.992	31756.074,156955.209
36805.148,156960.992	36755.228,156954.927
41805.148,156960.992	41753.669,156955.229
46805.148,156960.992	46752.398,156956.427
51805.148,156960.992	51750.705,156958.575
56805.148,156960.992	56749.904,156960.925
61805.148,156960.992	61749.528,156962.686
66805.148,156960.992	66748.756,156963.291
71805.148,156960.992	71747.049,156962.566
76805.148,156960.992	76746.457,156962.019
81805.148,156960.992	81745.483,156962.754
86805.148,156960.992	86745.133,156963.475
91805.148,156960.992	91745.032,156964.365
96805.148,156960.992	96745.508,156965.316
101805.148,156960.992	101744.550,156966.027
106805.148,156960.992	106744.564,156967.229
111805.148,156960.992	111744.780,156968.640
116805.148,156960.992	116745.776,156970.226
121805.148,156960.992	121745.841,156971.877
126805.148,156960.992	126747.592,156973.193
131805.148,156960.992	131746.833,156973.889
136805.148,156960.992	136747.634,156974.929
141805.148,156960.992	141747.333,156976.596
146805.148,156960.992	146748.027,156977.297
151805.148,156960.992	151746.860,156978.931
156805.148,156960.992	156747.469,156979.433
161805.148,156960.992	161746.439,156980.078
166805.148,156960.992	166746.509,156981.082
171805.148,156960.992	171745.839,156982.447
26805.148,161960.992	26751.937,161953.737
31805.148,161960.992	31754.984,161954.027
36805.148,161960.992	36754.071,161954.454
41805.148,161960.992	41751.985,161954.460
46805.148,161960.992	46750.879,161955.552
51805.148,161960.992	51749.176,161957.432
56805.148,161960.992	56748.630,161959.848
61805.148,161960.992	61748.066,161961.948
66805.148,161960.992	66747.625,161962.127
71805.148,161960.992	71745.719,161961.160
76805.148,161960.992	76745.339,161960.920
81805.148,161960.992	81743.837,161961.250
86805.148,161960.992	86743.779,161961.951
91805.148,161960.992	91744.082,161963.113
96805.148,161960.992	96743.848,161964.421
101805.148,161960.992	101743.010,161965.126
106805.148,161960.992	106743.475,161966.174
111805.148,161960.992	111742.969,161967.741
116805.148,161960.992	116744.080,161969.081
121805.148,161960.992	121744.713,161971.031
126805.148,161960.992	126745.285,161972.374
131805.148,161960.992	131745.082,161972.857
136805.148,161960.992	136745.845,161974.274
141805.148,161960.992	141745.598,161975.110
146805.148,161960.992	146747.382,161976.639
151805.148,161960.992	151745.381,161978.001
156805.148,161960.992	156745.805,161978.565
161805.148,161960.992	161744.177,161979.052
166805.148,161960.992	166744.882,161980.401
171805.148,161960.992	171744.504,161981.980
26805.148,166960.992	26750.746,166955.346
31805.148,166960.992	31753.930,166955.686
36805.148,166960.992	36752.056,166956.031
41805.148,166960.992	41750.666,166956.054
46805.148,166960.992	46749.858,166957.218
51805.148,166960.992	51748.302,166959.319
56805.148,166960.992	56747.683,166962.174
61805.148,166960.992	61746.606,166963.649
66805.148,166960.992	66745.414,166963.947
71805.148,166960.992	71744.527,166963.569
76805.148,166960.992	76743.581,166962.993
81805.148,166960.992	81742.653,166963.053
86805.148,166960.992	86742.538,166963.847
91805.148,166960.992	91742.183,166965.118
96805.148,166960.992	96742.413,166965.974
101805.148,166960.992	101741.226,166966.930
106805.148,166960.992	106741.994,166967.914
111805.148,166960.992	111741.345,166969.355
116805.148,166960.992	116742.722,166971.172
121805.148,166960.992	121743.404,166972.979
126805.148,166960.992	126744.385,166973.983
131805.148,166960.992	131743.507,166974.550
136805.148,166960.992	136744.859,166976.266
141805.148,166960.992	141743.662,166977.639
146805.148,166960.992	146745.100,166978.775
151805.148,166960.992	151744.042,166979.729
156805.148,166960.992	156744.274,166979.995
161805.148,166960.992	161742.926,166980.656
166805.148,166960.992	166743.865,166981.721
171805.148,166960.992	171742.363,166983.020
26805.148,171960.992	26749.711,171954.509
31805.148,171960.992	31752.077,171955.214
36805.148,171960.992	36751.330,171955.337
41805.148,171960.992	41749.199,171955.851
46805.148,171960.992	46748.166,171957.170
51805.148,171960.992	51746.444,171958.942
56805.148,171960.992	56745.609,171960.986
61805.148,171960.992	61744.872,171962.505
66805.148,171960.992	66744.231,171963.101
71805.148,171960.992	71742.648,171962.798
76805.148,171960.992	76742.152,171962.006
81805.148,171960.992	81741.320,171962.362
86805.148,171960.992	86740.596,171963.576
91805.148,171960.992	91740.423,171964.675
96805.148,171960.992	96740.535,171965.492
101805.148,171960.992	101739.849,171966.310
106805.148,171960.992	106740.476,171967.472
111805.148,171960.992	111739.684,171968.808
116805.148,171960.992	116741.128,171970.440
121805.148,171960.992	121741.738,171972.155
126805.148,171960.992	126742.335,171973.140
131805.148,171960.992	131741.623,171974.005
136805.148,171960.992	136742.658,171975.461
141805.148,171960.992	141741.928,171976.645
146805.148,171960.992	146742.951,171978.076
151805.148,171960.992	151742.608,171978.425
156805.148,171960.992	156742.750,171979.508
161805.148,171960.992	161741.194,171980.086
166805.148,171960.992	166742.412,171980.927
171805.148,171960.992	171740.893,171982.690
26805.148,176960.992	26748.540,176955.565
31805.148,176960.992	31750.540,176955.771
36805.148,176960.992	36749.922,176956.132
41805.148,176960.992	41747.583,176956.475
46805.148,176960.992	46746.565,176957.756
51805.148,176960.992	51744.931,176959.515
56805.148,176960.992	56744.292,176961.787
61805.148,176960.992	61743.894,176963.651
66805.148,176960.992	66742.705,176963.546
71805.148,176960.992	71741.225,176963.224
76805.148,176960.992	76740.375,176962.685
81805.148,176960.992	81739.670,176963.034
86805.148,176960.992	86739.296,176963.785
91805.148,176960.992	91739.040,176964.936
96805.148,176960.992	96739.060,176965.737
101805.148,176960.992	101738.438,176966.580
106805.148,176960.992	106739.011,176967.791
111805.148,176960.992	111738.921,176969.511
116805.148,176960.992	116739.249,176971.058
121805.148,176960.992	121739.777,176972.960
126805.148,176960.992	126740.572,176974.025
131805.148,176960.992	131740.307,176974.172
136805.148,176960.992	136741.438,176975.438
141805.148,176960.992	141740.981,176977.236
146805.148,176960.992	146741.657,176978.384
151805.148,176960.992	151740.857,176979.352
156805.148,176960.992	156741.008,176979.833
161805.148,176960.992	161739.591,176980.313
166805.148,176960.992	166740.439,176981.509
171805.148,176960.992	171739.864,176982.905
26805.148,181960.992	26745.993,181954.197
31805.148,181960.992	31749.126,181954.929
36805.148,181960.992	36748.335,181954.787
41805.148,181960.992	41746.318,181955.043
46805.148,181960.992	46744.915,181955.969
51805.148,181960.992	51743.560,181958.133
56805.148,181960.992	56742.857,181960.232
61805.148,181960.992	61742.255,181961.591
66805.148,181960.992	66741.189,181962.176
71805.148,181960.992	71739.627,181961.413
76805.148,181960.992	76738.983,181961.076
81805.148,181960.992	81737.711,181961.498
86805.148,181960.992	86737.354,181962.264
91805.148,181960.992	91737.854,181963.871
96805.148,181960.992	96737.507,181964.665
101805.148,181960.992	101737.168,181965.542
106805.148,181960.992	106736.976,181966.647
111805.148,181960.992	111737.304,181968.232
116805.148,181960.992	116738.005,181969.772
121805.148,181960.992	121738.555,181971.288
126805.148,181960.992	126739.492,181972.291
131805.148,181960.992	131739.039,181973.115
136805.148,181960.992	136739.947,181974.275
141805.148,181960.992	141739.529,181975.834
146805.148,181960.992	146740.305,181977.167
151805.148,181960.992	151739.626,181977.809
156805.148,181960.992	156740.063,181978.854
161805.148,181960.992	161738.023,181979.524
166805.148,181960.992	166739.145,181980.486
171805.148,181960.992	171738.037,181981.784
26805.148,186960.992	26745.202,186954.709
31805.148,186960.992	31747.991,186955.274
36805.148,186960.992	36747.435,186955.336
41805.148,186960.992	41745.593,186955.644
46805.148,186960.992	46743.968,186956.522
51805.148,186960.992	51742.086,186958.545
56805.148,186960.992	56741.337,186960.783
61805.148,186960.992	61740.473,186962.696
66805.148,186960.992	66740.096,186963.094
71805.148,186960.992	71738.324,186962.527
76805.148,186960.992	76737.574,186961.686
81805.148,186960.992	81736.405,186962.457
86805.148,186960.992	86735.860,186963.406
91805.148,186960.992	91736.113,186964.456
96805.148,186960.992	96735.733,186965.018
101805.148,186960.992	101735.381,186966.175
106805.148,186960.992	106735.858,186967.482
111805.148,186960.992	111735.983,186969.183
116805.148,186960.992	116736.607,186970.551
121805.148,186960.992	121736.990,186971.994
126805.148,186960.992	126737.729,186973.059
131805.148,186960.992	131737.115,186973.995
136805.148,186960.992	136737.928,186975.078
141805.148,186960.992	141738.332,186976.488
146805.148,186960.992	146738.465,186977.557
151805.148,186960.992	151738.452,186979.067
156805.148,186960.992	156738.727,186979.580
161805.148,186960.992	161736.933,186980.075
166805.148,186960.992	166737.592,186981.027
171805.148,186960.992	171736.610,186982.560
26805.148,191960.992	26743.792,191954.061
31805.148,191960.992	31746.357,191954.767
36805.148,191960.992	36745.458,191954.837
41805.148,191960.992	41743.389,191954.940
46805.148,191960.992	46741.899,191955.882
51805.148,191960.992	51740.520,191957.583
56805.148,191960.992	56739.920,191959.975
61805.148,191960.992	61738.908,191962.085
66805.148,191960.992	66738.024,191962.372
71805.148,191960.992	71736.963,191961.646
76805.148,191960.992	76736.015,191961.201
81805.148,191960.992	81734.728,191961.470
86805.148,191960.992	86734.983,191962.496
91805.148,191960.992	91735.053,191963.240
96805.148,191960.992	96734.902,191964.424
101805.148,191960.992	101733.995,191965.360
106805.148,191960.992	106734.729,191966.824
111805.148,191960.992	111734.704,191968.500
116805.148,191960.992	116735.117,191970.025
121805.148,191960.992	121735.880,191971.422
126805.148,191960.992	126736.280,191972.564
131805.148,191960.992	131736.110,191973.278
136805.148,191960.992	136737.160,191974.399
141805.148,191960.992	141736.417,191975.771
146805.148,191960.992	146737.470,191977.359
151805.148,191960.992	151736.819,191978.265
156805.148,191960.992	156737.025,191978.992
161805.148,191960.992	161735.172,191979.600
166805.148,191960.992	166736.492,191980.611
171805.148,191960.992	171734.997,191981.956
26805.148,196960.992	26741.907,196954.840
31805.148,196960.992	31744.710,196955.480
36805.148,196960.992	36743.911,196955.726
41805.148,196960.992	41741.770,196956.117
46805.148,196960.992	46740.567,196957.039
51805.148,196960.992	51738.901,196959.178
56805.148,196960.992	56738.185,196961.145
61805.148,196960.992	61737.450,196962.985
66805.148,196960.992	66736.607,196963.573
71805.148,196960.992	71735.405,196962.893
76805.148,196960.992	76734.678,196962.329
81805.148,196960.992	81733.953,196962.618
86805.148,196960.992	86733.156,196963.425
91805.148,196960.992	91733.079,196964.962
96805.148,196960.992	96733.377,196965.582
101805.148,196960.992	101732.162,196966.617
106805.148,196960.992	106733.237,196967.853
111805.148,196960.992	111732.543,196969.564
116805.148,196960.992	116733.816,196971.166
121805.148,196960.992	121734.463,196972.733
126805.148,196960.992	126735.271,196973.795
131805.148,196960.992	131734.410,196974.372
136805.148,196960.992	136735.294,196975.722
141805.148,196960.992	141734.595,196977.254
146805.148,196960.992	146735.961,196978.298
151805.148,196960.992	151735.377,196979.538
156805.148,196960.992	156736.076,196980.153
161805.148,196960.992	161734.018,196980.586
166805.148,196960.992	166734.795,196981.594
171805.148,196960.992	171733.697,196983.174
26805.148,201960.992	26741.094,201954.715
31805.148,201960.992	31743.228,201955.288
36805.148,201960.992	36742.120,201955.304
41805.148,201960.992	41740.052,201955.412
46805.148,201960.992	46739.089,201956.938
51805.148,201960.992	51737.578,201958.963
56805.148,201960.992	56737.090,201961.304
61805.148,201960.992	61736.297,201962.992
66805.148,201960.992	66735.262,201963.511
71805.148,201960.992	71733.845,201962.942
76805.148,201960.992	76733.265,201962.252
81805.148,201960.992	81731.959,201962.840
86805.148,201960.992	86731.720,201963.677
91805.148,201960.992	91731.315,201964.795
96805.148,201960.992	96731.332,201965.731
101805.148,201960.992	101731.119,201966.563
106805.148,201960.992	106731.617,201967.795
111805.148,201960.992	111731.214,201969.381
116805.148,201960.992	116732.101,201971.030
121805.148,201960.992	121732.597,201972.840
126805.148,201960.992	126733.359,201973.841
131805.148,201960.992	131732.965,201974.332
136805.148,201960.992	136733.798,201975.598
141805.148,201960.992	141733.112,201977.185
146805.148,201960.992	146734.810,201978.435
151805.148,201960.992	151733.494,201979.316
156805.148,201960.992	156734.059,201979.847
161805.148,201960.992	161732.478,201980.834
166805.148,201960.992	166733.491,201981.631
171805.148,201960.992	171731.805,201983.406
26805.148,206960.992	26738.823,206955.083
31805.148,206960.992	31741.815,206955.322
36805.148,206960.992	36740.843,206955.908
41805.148,206960.992	41738.721,206956.044
46805.148,206960.992	46736.612,206957.802
51805.148,206960.992	51736.067,206959.777
56805.148,206960.992	56735.334,206961.732
61805.148,206960.992	61734.983,206963.509
66805.148,206960.992	66733.496,206963.963
71805.148,206960.992	71732.422,206963.501
76805.148,206960.992	76731.208,206962.921
81805.148,206960.992	81730.352,206963.455
86805.148,206960.992	86730.486,206964.104
91805.148,206960.992	91730.307,206965.384
96805.148,206960.992	96729.580,206966.353
101805.148,206960.992	101729.556,206967.007
106805.148,206960.992	106730.150,206968.414
111805.148,206960.992	111729.724,206970.008
116805.148,206960.992	116730.649,206971.502
121805.148,206960.992	121730.851,206973.437
126805.148,206960.992	126731.437,206974.633
131805.148,206960.992	131731.251,206975.258
136805.148,206960.992	136731.952,206976.639
141805.148,206960.992	141731.883,206978.237
146805.148,206960.992	146732.397,206979.001
151805.148,206960.992	151732.301,206980.119
156805.148,206960.992	156732.314,206980.798
161805.148,206960.992	161730.160,206981.154
166805.148,206960.992	166731.335,206982.399
171805.148,206960.992	171730.680,206983.720
26805.148,211960.992	26737.170,211953.718
31805.148,211960.992	31740.126,211954.440
36805.148,211960.992	36739.613,211954.422
41805.148,211960.992	41737.174,211954.805
46805.148,211960.992	46735.961,211956.242
51805.148,211960.992	51734.655,211958.382
56805.148,211960.992	56734.185,211960.188
61805.148,211960.992	61733.139,211962.081
66805.148,211960.992	66731.727,211962.819
71805.148,211960.992	71730.589,211962.247
76805.148,211960.992	76729.988,211961.489
81805.148,211960.992	81728.934,211961.671
86805.148,211960.992	86728.476,211962.615
91805.148,211960.992	91728.107,211964.004
96805.148,211960.992	96728.636,211965.193
101805.148,211960.992	101727.517,211965.903
106805.148,211960.992	106728.442,211967.054
111805.148,211960.992	111728.392,211968.432
116805.148,211960.992	116728.752,211970.455
121805.148,211960.992	121729.612,211972.039
126805.148,211960.992	126730.169,211973.280
131805.148,211960.992	131729.415,211973.675
136805.148,211960.992	136730.615,211974.967
141805.148,211960.992	141729.815,211976.540
146805.148,211960.992	146730.703,211977.736
151805.148,211960.992	151730.327,211978.918
156805.148,211960.992	156730.585,211979.733
161805.148,211960.992	161728.515,211980.177
166805.148,211960.992	166729.912,211981.240
171805.148,211960.992	171728.887,211982.674
26805.148,216960.992	26736.009,216954.576
31805.148,216960.992	31738.559,216955.385
36805.148,216960.992	36737.609,216955.635
41805.148,216960.992	41736.139,216955.784
46805.148,216960.992	46734.994,216955.866
51805.148,216960.992	51733.066,216959.278
56805.148,216960.992	56732.133,216961.344
61805.148,216960.992	61731.149,216963.501
66805.148,216960.992	66730.406,216963.373
71805.148,216960.992	71729.264,216963.133
76805.148,216960.992	76728.269,216962.766
81805.148,216960.992	81727.335,216962.834
86805.148,216960.992	86726.961,216964.058
91805.148,216960.992	91726.788,216965.329
96805.148,216960.992	96726.517,216966.068
101805.148,216960.992	101725.851,216967.014
106805.148,216960.992	106726.622,216968.119
111805.148,216960.992	111726.471,216969.782
116805.148,216960.992	116727.163,216971.732
121805.148,216960.992	121727.625,216973.219
126805.148,216960.992	126728.168,216974.441
131805.148,216960.992	131727.587,216975.214
136805.148,216960.992	136728.822,216976.592
141805.148,216960.992	141728.384,216978.028
146805.148,216960.992	146729.207,216978.901
151805.148,216960.992	151728.841,216979.973
156805.148,216960.992	156728.833,216980.683
161805.148,216960.992	161727.268,216981.543
166805.148,216960.992	166728.467,216982.638
171805.148,216960.992	171726.927,216984.137
26805.148,221960.992	26734.950,221954.797
31805.148,221960.992	31737.015,221955.357
36805.148,221960.992	36736.566,221955.638
41805.148,221960.992	41734.290,221956.191
46805.148,221960.992	46733.557,221957.148
51805.148,221960.992	51731.823,221959.166
56805.148,221960.992	56730.966,221961.764
61805.148,221960.992	61729.913,221963.653
66805.148,221960.992	66729.428,221963.759
71805.148,221960.992	71727.783,221963.405
76805.148,221960.992	76726.969,221962.792
81805.148,221960.992	81725.723,221963.193
86805.148,221960.992	86725.547,221964.185
91805.148,221960.992	91725.194,221965.025
96805.148,221960.992	96725.476,221966.232
101805.148,221960.992	101724.642,221967.132
106805.148,221960.992	106725.070,221968.554
111805.148,221960.992	111724.997,221970.245
116805.148,221960.992	116726.081,221971.744
121805.148,221960.992	121726.163,221973.552
126805.148,221960.992	126726.852,221975.101
131805.148,221960.992	131726.286,221975.780
136805.148,221960.992	136727.570,221977.145
141805.148,221960.992	141727.169,221978.377
146805.148,221960.992	146727.773,221979.356
151805.148,221960.992	151726.970,221980.587
156805.148,221960.992	156726.895,221981.156
161805.148,221960.992	161725.414,221981.702
166805.148,221960.992	166726.794,221982.738
171805.148,221960.992	171725.258,221984.481
